<!DOCTYPE HTML PUBLIC "-//W3C//DTD HTML 4.01 Transitional//EN">
<html><head><meta http-equiv="Content-Type" content="text/html;charset=iso-8859-1">
<title>uEACos: lla_function_definition.c Source File</title>
<link href="doxygen.css" rel="stylesheet" type="text/css">
</head><body>
<!-- Generated by Doxygen 1.4.4 -->
<div class="qindex"><a class="qindex" href="index.html">Main&nbsp;Page</a> | <a class="qindex" href="annotated.html">Data&nbsp;Structures</a> | <a class="qindex" href="files.html">File&nbsp;List</a> | <a class="qindex" href="functions.html">Data&nbsp;Fields</a> | <a class="qindex" href="globals.html">Globals</a></div>
<h1>lla_function_definition.c</h1><a href="lla__function__definition_8c.html">Go to the documentation of this file.</a><div class="fragment"><pre class="fragment"><a name="l00001"></a><a class="code" href="lla__function__definition_8c.html#a0">00001</a> <span class="keyword">const</span> <span class="keywordtype">int</span> <a class="code" href="lla__function__definition_8c.html#a0">f1</a>[]={\
<a name="l00002"></a>00002         0,0,0,0,0,0,0,0,0,0,\
<a name="l00003"></a>00003         0,0,0,0,0,0,0,0,0,0,\
<a name="l00004"></a>00004         0,0,0,0,0,0,0,0,0,0,\
<a name="l00005"></a>00005         0,0,0,0,0,0,0,0,0,0,\
<a name="l00006"></a>00006         0,0,0,0,0,0,0,0,0,0,\
<a name="l00007"></a>00007         0,0,0,0,0,0,0,0,0,0,\
<a name="l00008"></a>00008         0,0,0,0,0,0,0,0,0,0,\
<a name="l00009"></a>00009         0,0,0,0,0,0,0,0,0,0,\
<a name="l00010"></a>00010         0,0,0,0,0,0,0,0,0,0,\
<a name="l00011"></a>00011         0,0,0,0,0,0,0,0,0,0,\
<a name="l00012"></a>00012         0,0,0,0,0,0,0,0,0,0,\
<a name="l00013"></a>00013         0,0,0,0,0,0,0,0,0,0,\
<a name="l00014"></a>00014         0,0,0,0,0,0,0,0,0,0,\
<a name="l00015"></a>00015         0,0,0,0,0,0,0,0,0,0,\
<a name="l00016"></a>00016         0,0,0,0,0,0,0,0,0,0,\
<a name="l00017"></a>00017         0,0,0,0,0,0,0,0,0,0,\
<a name="l00018"></a>00018         0,0,0,0,0,0,0,0,0,0,\
<a name="l00019"></a>00019         0,0,0,0,0,0,0,0,0,0,\
<a name="l00020"></a>00020         0,0,0,0,0,0,0,0,0,0,\
<a name="l00021"></a>00021         0,0,0,0,0,0,0,0,0,0,\
<a name="l00022"></a>00022         0};
<a name="l00023"></a><a class="code" href="lla__function__definition_8c.html#a1">00023</a> <span class="keyword">const</span> <span class="keywordtype">int</span> <a class="code" href="lla__function__definition_8c.html#a1">f2</a>[]={\
<a name="l00024"></a>00024         100,100,100,100,100,100,100,100,100,100,\
<a name="l00025"></a>00025         100,100,100,100,100,100,100,100,100,100,\
<a name="l00026"></a>00026         100,100,100,100,100,100,100,100,100,100,\
<a name="l00027"></a>00027         100,100,100,100,100,100,100,100,100,100,\
<a name="l00028"></a>00028         100,100,100,100,100,100,100,100,100,100,\
<a name="l00029"></a>00029         100,100,100,100,100,100,100,100,100,100,\
<a name="l00030"></a>00030         100,100,100,100,100,100,100,100,100,100,\
<a name="l00031"></a>00031         100,100,100,100,100,100,100,100,100,100,\
<a name="l00032"></a>00032         100,100,100,100,100,100,100,100,100,100,\
<a name="l00033"></a>00033         100,100,100,100,100,100,100,100,100,100,\
<a name="l00034"></a>00034         100,100,100,100,100,100,100,100,100,100,\
<a name="l00035"></a>00035         100,100,100,100,100,100,100,100,100,100,\
<a name="l00036"></a>00036         100,100,100,100,100,100,100,100,100,100,\
<a name="l00037"></a>00037         100,100,100,100,100,100,100,100,100,100,\
<a name="l00038"></a>00038         100,100,100,100,100,100,100,100,100,100,\
<a name="l00039"></a>00039         100,100,100,100,100,100,100,100,100,100,\
<a name="l00040"></a>00040         100,100,100,100,100,100,100,100,100,100,\
<a name="l00041"></a>00041         100,100,100,100,100,100,100,100,100,100,\
<a name="l00042"></a>00042         100,100,100,100,100,100,100,100,100,100,\
<a name="l00043"></a>00043         100,100,100,100,100,100,100,100,100,100,\
<a name="l00044"></a>00044         100};
<a name="l00045"></a><a class="code" href="lla__function__definition_8c.html#a2">00045</a> <span class="keyword">const</span> <span class="keywordtype">int</span> <a class="code" href="lla__function__definition_8c.html#a2">f3</a>[]={\
<a name="l00046"></a>00046         200,200,200,200,200,200,200,200,200,200,\
<a name="l00047"></a>00047         200,200,200,200,200,200,200,200,200,200,\
<a name="l00048"></a>00048         200,200,200,200,200,200,200,200,200,200,\
<a name="l00049"></a>00049         200,200,200,200,200,200,200,200,200,200,\
<a name="l00050"></a>00050         200,200,200,200,200,200,200,200,200,200,\
<a name="l00051"></a>00051         200,200,200,200,200,200,200,200,200,200,\
<a name="l00052"></a>00052         200,200,200,200,200,200,200,200,200,200,\
<a name="l00053"></a>00053         200,200,200,200,200,200,200,200,200,200,\
<a name="l00054"></a>00054         200,200,200,200,200,200,200,200,200,200,\
<a name="l00055"></a>00055         200,200,200,200,200,200,200,200,200,200,\
<a name="l00056"></a>00056         200,200,200,200,200,200,200,200,200,200,\
<a name="l00057"></a>00057         200,200,200,200,200,200,200,200,200,200,\
<a name="l00058"></a>00058         200,200,200,200,200,200,200,200,200,200,\
<a name="l00059"></a>00059         200,200,200,200,200,200,200,200,200,200,\
<a name="l00060"></a>00060         200,200,200,200,200,200,200,200,200,200,\
<a name="l00061"></a>00061         200,200,200,200,200,200,200,200,200,200,\
<a name="l00062"></a>00062         200,200,200,200,200,200,200,200,200,200,\
<a name="l00063"></a>00063         200,200,200,200,200,200,200,200,200,200,\
<a name="l00064"></a>00064         200,200,200,200,200,200,200,200,200,200,\
<a name="l00065"></a>00065         200,200,200,200,200,200,200,200,200,200,\
<a name="l00066"></a>00066         200};
<a name="l00067"></a><a class="code" href="lla__function__definition_8c.html#a3">00067</a> <span class="keyword">const</span> <span class="keywordtype">int</span> <a class="code" href="lla__function__definition_8c.html#a3">f4</a>[]={\
<a name="l00068"></a>00068         0,1,2,3,4,5,6,7,8,9,\
<a name="l00069"></a>00069         10,11,12,13,14,15,16,17,18,19,\
<a name="l00070"></a>00070         20,21,22,23,24,25,26,27,28,29,\
<a name="l00071"></a>00071         30,31,32,33,34,35,36,37,38,39,\
<a name="l00072"></a>00072         40,41,42,43,44,45,46,47,48,49,\
<a name="l00073"></a>00073         50,51,52,53,54,55,56,57,58,59,\
<a name="l00074"></a>00074         60,61,62,63,64,65,66,67,68,69,\
<a name="l00075"></a>00075         70,71,72,73,74,75,76,77,78,79,\
<a name="l00076"></a>00076         80,81,82,83,84,85,86,87,88,89,\
<a name="l00077"></a>00077         90,91,92,93,94,95,96,97,98,99,\
<a name="l00078"></a>00078         100,101,102,103,104,105,106,107,108,109,\
<a name="l00079"></a>00079         110,111,112,113,114,115,116,117,118,119,\
<a name="l00080"></a>00080         120,121,122,123,124,125,126,127,128,129,\
<a name="l00081"></a>00081         130,131,132,133,134,135,136,137,138,139,\
<a name="l00082"></a>00082         140,141,142,143,144,145,146,147,148,149,\
<a name="l00083"></a>00083         150,151,152,153,154,155,156,157,158,159,\
<a name="l00084"></a>00084         160,161,162,163,164,165,166,167,168,169,\
<a name="l00085"></a>00085         170,171,172,173,174,175,176,177,178,179,\
<a name="l00086"></a>00086         180,181,182,183,184,185,186,187,188,189,\
<a name="l00087"></a>00087         190,191,192,193,194,195,196,197,198,199,\
<a name="l00088"></a>00088         200};
<a name="l00089"></a><a class="code" href="lla__function__definition_8c.html#a4">00089</a> <span class="keyword">const</span> <span class="keywordtype">int</span> <a class="code" href="lla__function__definition_8c.html#a4">f5</a>[]={\
<a name="l00090"></a>00090         200,199,198,197,196,195,194,193,192,191,\
<a name="l00091"></a>00091         190,189,188,187,186,185,184,183,182,181,\
<a name="l00092"></a>00092         180,179,178,177,176,175,174,173,172,171,\
<a name="l00093"></a>00093         170,169,168,167,166,165,164,163,162,161,\
<a name="l00094"></a>00094         160,159,158,157,156,155,154,153,152,151,\
<a name="l00095"></a>00095         150,149,148,147,146,145,144,143,142,141,\
<a name="l00096"></a>00096         140,139,138,137,136,135,134,133,132,131,\
<a name="l00097"></a>00097         130,129,128,127,126,125,124,123,122,121,\
<a name="l00098"></a>00098         120,119,118,117,116,115,114,113,112,111,\
<a name="l00099"></a>00099         110,109,108,107,106,105,104,103,102,101,\
<a name="l00100"></a>00100         100,99,98,97,96,95,94,93,92,91,\
<a name="l00101"></a>00101         90,89,88,87,86,85,84,83,82,81,\
<a name="l00102"></a>00102         80,79,78,77,76,75,74,73,72,71,\
<a name="l00103"></a>00103         70,69,68,67,66,65,64,63,62,61,\
<a name="l00104"></a>00104         60,59,58,57,56,55,54,53,52,51,\
<a name="l00105"></a>00105         50,49,48,47,46,45,44,43,42,41,\
<a name="l00106"></a>00106         40,39,38,37,36,35,34,33,32,31,\
<a name="l00107"></a>00107         30,29,28,27,26,25,24,23,22,21,\
<a name="l00108"></a>00108         20,19,18,17,16,15,14,13,12,11,\
<a name="l00109"></a>00109         10,9,8,7,6,5,4,3,2,1,\
<a name="l00110"></a>00110         0};
<a name="l00111"></a><a class="code" href="lla__function__definition_8c.html#a5">00111</a> <span class="keyword">const</span> <span class="keywordtype">int</span> <a class="code" href="lla__function__definition_8c.html#a5">f6</a>[]={\
<a name="l00112"></a>00112         0,2,4,6,8,10,12,14,16,18,\
<a name="l00113"></a>00113         20,22,24,26,28,30,32,34,36,38,\
<a name="l00114"></a>00114         40,42,44,46,48,50,52,54,56,58,\
<a name="l00115"></a>00115         60,62,64,66,68,70,72,74,76,78,\
<a name="l00116"></a>00116         80,82,84,86,88,90,92,94,96,98,\
<a name="l00117"></a>00117         100,102,104,106,108,110,112,114,116,118,\
<a name="l00118"></a>00118         120,122,124,126,128,130,132,134,136,138,\
<a name="l00119"></a>00119         140,142,144,146,148,150,152,154,156,158,\
<a name="l00120"></a>00120         160,162,164,166,168,170,172,174,176,178,\
<a name="l00121"></a>00121         180,182,184,186,188,190,192,194,196,198,\
<a name="l00122"></a>00122         200,200,200,200,200,200,200,200,200,200,\
<a name="l00123"></a>00123         200,200,200,200,200,200,200,200,200,200,\
<a name="l00124"></a>00124         200,200,200,200,200,200,200,200,200,200,\
<a name="l00125"></a>00125         200,200,200,200,200,200,200,200,200,200,\
<a name="l00126"></a>00126         200,200,200,200,200,200,200,200,200,200,\
<a name="l00127"></a>00127         200,200,200,200,200,200,200,200,200,200,\
<a name="l00128"></a>00128         200,200,200,200,200,200,200,200,200,200,\
<a name="l00129"></a>00129         200,200,200,200,200,200,200,200,200,200,\
<a name="l00130"></a>00130         200,200,200,200,200,200,200,200,200,200,\
<a name="l00131"></a>00131         200,200,200,200,200,200,200,200,200,200,\
<a name="l00132"></a>00132         200};
<a name="l00133"></a><a class="code" href="lla__function__definition_8c.html#a6">00133</a> <span class="keyword">const</span> <span class="keywordtype">int</span> <a class="code" href="lla__function__definition_8c.html#a6">f7</a>[]={\
<a name="l00134"></a>00134         200,198,196,194,192,190,188,186,184,182,\
<a name="l00135"></a>00135         180,178,176,174,172,170,168,166,164,162,\
<a name="l00136"></a>00136         160,158,156,154,152,150,148,146,144,142,\
<a name="l00137"></a>00137         140,138,136,134,132,130,128,126,124,122,\
<a name="l00138"></a>00138         120,118,116,114,112,110,108,106,104,102,\
<a name="l00139"></a>00139         100,98,96,94,92,90,88,86,84,82,\
<a name="l00140"></a>00140         80,78,76,74,72,70,68,66,64,62,\
<a name="l00141"></a>00141         60,58,56,54,52,50,48,46,44,42,\
<a name="l00142"></a>00142         40,38,36,34,32,30,28,26,24,22,\
<a name="l00143"></a>00143         20,18,16,14,12,10,8,6,4,2,\
<a name="l00144"></a>00144         0,0,0,0,0,0,0,0,0,0,\
<a name="l00145"></a>00145         0,0,0,0,0,0,0,0,0,0,\
<a name="l00146"></a>00146         0,0,0,0,0,0,0,0,0,0,\
<a name="l00147"></a>00147         0,0,0,0,0,0,0,0,0,0,\
<a name="l00148"></a>00148         0,0,0,0,0,0,0,0,0,0,\
<a name="l00149"></a>00149         0,0,0,0,0,0,0,0,0,0,\
<a name="l00150"></a>00150         0,0,0,0,0,0,0,0,0,0,\
<a name="l00151"></a>00151         0,0,0,0,0,0,0,0,0,0,\
<a name="l00152"></a>00152         0,0,0,0,0,0,0,0,0,0,\
<a name="l00153"></a>00153         0,0,0,0,0,0,0,0,0,0,\
<a name="l00154"></a>00154         0};
<a name="l00155"></a><a class="code" href="lla__function__definition_8c.html#a7">00155</a> <span class="keyword">const</span> <span class="keywordtype">int</span> <a class="code" href="lla__function__definition_8c.html#a7">f8</a>[]={\
<a name="l00156"></a>00156         200,200,200,200,200,200,200,200,200,200,\
<a name="l00157"></a>00157         200,200,200,200,200,200,200,200,200,200,\
<a name="l00158"></a>00158         200,200,200,200,200,200,200,200,200,200,\
<a name="l00159"></a>00159         200,200,200,200,200,200,200,200,200,200,\
<a name="l00160"></a>00160         200,200,200,200,200,200,200,200,200,200,\
<a name="l00161"></a>00161         200,200,200,200,200,200,200,200,200,200,\
<a name="l00162"></a>00162         200,200,200,200,200,200,200,200,200,200,\
<a name="l00163"></a>00163         200,200,200,200,200,200,200,200,200,200,\
<a name="l00164"></a>00164         200,200,200,200,200,200,200,200,200,200,\
<a name="l00165"></a>00165         200,200,200,200,200,200,200,200,200,200,\
<a name="l00166"></a>00166         200,198,196,194,192,190,188,186,184,182,\
<a name="l00167"></a>00167         180,178,176,174,172,170,168,166,164,162,\
<a name="l00168"></a>00168         160,158,156,154,152,150,148,146,144,142,\
<a name="l00169"></a>00169         140,138,136,134,132,130,128,126,124,122,\
<a name="l00170"></a>00170         120,118,116,114,112,110,108,106,104,102,\
<a name="l00171"></a>00171         100,98,96,94,92,90,88,86,84,82,\
<a name="l00172"></a>00172         80,78,76,74,72,70,68,66,64,62,\
<a name="l00173"></a>00173         60,58,56,54,52,50,48,46,44,42,\
<a name="l00174"></a>00174         40,38,36,34,32,30,28,26,24,22,\
<a name="l00175"></a>00175         20,18,16,14,12,10,8,6,4,2,\
<a name="l00176"></a>00176         0};
<a name="l00177"></a><a class="code" href="lla__function__definition_8c.html#a8">00177</a> <span class="keyword">const</span> <span class="keywordtype">int</span> <a class="code" href="lla__function__definition_8c.html#a8">f9</a>[]={\
<a name="l00178"></a>00178         0,0,0,0,0,0,0,0,0,0,\
<a name="l00179"></a>00179         0,0,0,0,0,0,0,0,0,0,\
<a name="l00180"></a>00180         0,0,0,0,0,0,0,0,0,0,\
<a name="l00181"></a>00181         0,0,0,0,0,0,0,0,0,0,\
<a name="l00182"></a>00182         0,0,0,0,0,0,0,0,0,0,\
<a name="l00183"></a>00183         0,0,0,0,0,0,0,0,0,0,\
<a name="l00184"></a>00184         0,0,0,0,0,0,0,0,0,0,\
<a name="l00185"></a>00185         0,0,0,0,0,0,0,0,0,0,\
<a name="l00186"></a>00186         0,0,0,0,0,0,0,0,0,0,\
<a name="l00187"></a>00187         0,0,0,0,0,0,0,0,0,0,\
<a name="l00188"></a>00188         0,2,4,6,8,10,12,14,16,18,\
<a name="l00189"></a>00189         20,22,24,26,28,30,32,34,36,38,\
<a name="l00190"></a>00190         40,42,44,46,48,50,52,54,56,58,\
<a name="l00191"></a>00191         60,62,64,66,68,70,72,74,76,78,\
<a name="l00192"></a>00192         80,82,84,86,88,90,92,94,96,98,\
<a name="l00193"></a>00193         100,102,104,106,108,110,112,114,116,118,\
<a name="l00194"></a>00194         120,122,124,126,128,130,132,134,136,138,\
<a name="l00195"></a>00195         140,142,144,146,148,150,152,154,156,158,\
<a name="l00196"></a>00196         160,162,164,166,168,170,172,174,176,178,\
<a name="l00197"></a>00197         180,182,184,186,188,190,192,194,196,198,\
<a name="l00198"></a>00198         200};
<a name="l00199"></a><a class="code" href="lla__function__definition_8c.html#a9">00199</a> <span class="keyword">const</span> <span class="keywordtype">int</span> <a class="code" href="lla__function__definition_8c.html#a9">f10</a>[]={\
<a name="l00200"></a>00200         100,102,104,106,108,110,112,114,116,118,\
<a name="l00201"></a>00201         120,122,124,126,128,130,132,134,136,138,\
<a name="l00202"></a>00202         140,142,144,146,148,150,152,154,156,158,\
<a name="l00203"></a>00203         160,162,164,166,168,170,172,174,176,178,\
<a name="l00204"></a>00204         180,182,184,186,188,190,192,194,196,198,\
<a name="l00205"></a>00205         200,200,200,200,200,200,200,200,200,200,\
<a name="l00206"></a>00206         200,200,200,200,200,200,200,200,200,200,\
<a name="l00207"></a>00207         200,200,200,200,200,200,200,200,200,200,\
<a name="l00208"></a>00208         200,200,200,200,200,200,200,200,200,200,\
<a name="l00209"></a>00209         200,200,200,200,200,200,200,200,200,200,\
<a name="l00210"></a>00210         200,200,200,200,200,200,200,200,200,200,\
<a name="l00211"></a>00211         200,200,200,200,200,200,200,200,200,200,\
<a name="l00212"></a>00212         200,200,200,200,200,200,200,200,200,200,\
<a name="l00213"></a>00213         200,200,200,200,200,200,200,200,200,200,\
<a name="l00214"></a>00214         200,200,200,200,200,200,200,200,200,200,\
<a name="l00215"></a>00215         200,200,200,200,200,200,200,200,200,200,\
<a name="l00216"></a>00216         200,200,200,200,200,200,200,200,200,200,\
<a name="l00217"></a>00217         200,200,200,200,200,200,200,200,200,200,\
<a name="l00218"></a>00218         200,200,200,200,200,200,200,200,200,200,\
<a name="l00219"></a>00219         200,200,200,200,200,200,200,200,200,200,\
<a name="l00220"></a>00220         200};
<a name="l00221"></a><a class="code" href="lla__function__definition_8c.html#a10">00221</a> <span class="keyword">const</span> <span class="keywordtype">int</span> <a class="code" href="lla__function__definition_8c.html#a10">f11</a>[]={\
<a name="l00222"></a>00222         200,199,198,197,196,195,194,193,192,191,\
<a name="l00223"></a>00223         190,189,188,187,186,185,184,183,182,181,\
<a name="l00224"></a>00224         180,179,178,177,176,175,174,173,172,171,\
<a name="l00225"></a>00225         170,169,168,167,166,165,164,163,162,161,\
<a name="l00226"></a>00226         160,159,158,157,156,155,154,153,152,151,\
<a name="l00227"></a>00227         150,149,148,147,146,145,144,143,142,141,\
<a name="l00228"></a>00228         140,139,138,137,136,135,134,133,132,131,\
<a name="l00229"></a>00229         130,129,128,127,126,125,124,123,122,121,\
<a name="l00230"></a>00230         120,119,118,117,116,115,114,113,112,111,\
<a name="l00231"></a>00231         110,109,108,107,106,105,104,103,102,101,\
<a name="l00232"></a>00232         100,100,100,100,100,100,100,100,100,100,\
<a name="l00233"></a>00233         100,100,100,100,100,100,100,100,100,100,\
<a name="l00234"></a>00234         100,100,100,100,100,100,100,100,100,100,\
<a name="l00235"></a>00235         100,100,100,100,100,100,100,100,100,100,\
<a name="l00236"></a>00236         100,100,100,100,100,100,100,100,100,100,\
<a name="l00237"></a>00237         100,100,100,100,100,100,100,100,100,100,\
<a name="l00238"></a>00238         100,100,100,100,100,100,100,100,100,100,\
<a name="l00239"></a>00239         100,100,100,100,100,100,100,100,100,100,\
<a name="l00240"></a>00240         100,100,100,100,100,100,100,100,100,100,\
<a name="l00241"></a>00241         100,100,100,100,100,100,100,100,100,100,\
<a name="l00242"></a>00242         100};
<a name="l00243"></a><a class="code" href="lla__function__definition_8c.html#a11">00243</a> <span class="keyword">const</span> <span class="keywordtype">int</span> <a class="code" href="lla__function__definition_8c.html#a11">f12</a>[]={\
<a name="l00244"></a>00244         200,200,200,200,200,200,200,200,200,200,\
<a name="l00245"></a>00245         200,200,200,200,200,200,200,200,200,200,\
<a name="l00246"></a>00246         200,200,200,200,200,200,200,200,200,200,\
<a name="l00247"></a>00247         200,200,200,200,200,200,200,200,200,200,\
<a name="l00248"></a>00248         200,200,200,200,200,200,200,200,200,200,\
<a name="l00249"></a>00249         200,200,200,200,200,200,200,200,200,200,\
<a name="l00250"></a>00250         200,200,200,200,200,200,200,200,200,200,\
<a name="l00251"></a>00251         200,200,200,200,200,200,200,200,200,200,\
<a name="l00252"></a>00252         200,200,200,200,200,200,200,200,200,200,\
<a name="l00253"></a>00253         200,200,200,200,200,200,200,200,200,200,\
<a name="l00254"></a>00254         200,199,198,197,196,195,194,193,192,191,\
<a name="l00255"></a>00255         190,189,188,187,186,185,184,183,182,181,\
<a name="l00256"></a>00256         180,179,178,177,176,175,174,173,172,171,\
<a name="l00257"></a>00257         170,169,168,167,166,165,164,163,162,161,\
<a name="l00258"></a>00258         160,159,158,157,156,155,154,153,152,151,\
<a name="l00259"></a>00259         150,149,148,147,146,145,144,143,142,141,\
<a name="l00260"></a>00260         140,139,138,137,136,135,134,133,132,131,\
<a name="l00261"></a>00261         130,129,128,127,126,125,124,123,122,121,\
<a name="l00262"></a>00262         120,119,118,117,116,115,114,113,112,111,\
<a name="l00263"></a>00263         110,109,108,107,106,105,104,103,102,101,\
<a name="l00264"></a>00264         100};
<a name="l00265"></a><a class="code" href="lla__function__definition_8c.html#a12">00265</a> <span class="keyword">const</span> <span class="keywordtype">int</span> <a class="code" href="lla__function__definition_8c.html#a12">f13</a>[]={\
<a name="l00266"></a>00266         100,100,100,100,100,100,100,100,100,100,\
<a name="l00267"></a>00267         100,100,100,100,100,100,100,100,100,100,\
<a name="l00268"></a>00268         100,100,100,100,100,100,100,100,100,100,\
<a name="l00269"></a>00269         100,100,100,100,100,100,100,100,100,100,\
<a name="l00270"></a>00270         100,100,100,100,100,100,100,100,100,100,\
<a name="l00271"></a>00271         100,100,100,100,100,100,100,100,100,100,\
<a name="l00272"></a>00272         100,100,100,100,100,100,100,100,100,100,\
<a name="l00273"></a>00273         100,100,100,100,100,100,100,100,100,100,\
<a name="l00274"></a>00274         100,100,100,100,100,100,100,100,100,100,\
<a name="l00275"></a>00275         100,100,100,100,100,100,100,100,100,100,\
<a name="l00276"></a>00276         100,101,102,103,104,105,106,107,108,109,\
<a name="l00277"></a>00277         110,111,112,113,114,115,116,117,118,119,\
<a name="l00278"></a>00278         120,121,122,123,124,125,126,127,128,129,\
<a name="l00279"></a>00279         130,131,132,133,134,135,136,137,138,139,\
<a name="l00280"></a>00280         140,141,142,143,144,145,146,147,148,149,\
<a name="l00281"></a>00281         150,151,152,153,154,155,156,157,158,159,\
<a name="l00282"></a>00282         160,161,162,163,164,165,166,167,168,169,\
<a name="l00283"></a>00283         170,171,172,173,174,175,176,177,178,179,\
<a name="l00284"></a>00284         180,181,182,183,184,185,186,187,188,189,\
<a name="l00285"></a>00285         190,191,192,193,194,195,196,197,198,199,\
<a name="l00286"></a>00286         200};
<a name="l00287"></a><a class="code" href="lla__function__definition_8c.html#a13">00287</a> <span class="keyword">const</span> <span class="keywordtype">int</span> <a class="code" href="lla__function__definition_8c.html#a13">f14</a>[]={\
<a name="l00288"></a>00288         0,1,2,3,4,5,6,7,8,9,\
<a name="l00289"></a>00289         10,11,12,13,14,15,16,17,18,19,\
<a name="l00290"></a>00290         20,21,22,23,24,25,26,27,28,29,\
<a name="l00291"></a>00291         30,31,32,33,34,35,36,37,38,39,\
<a name="l00292"></a>00292         40,41,42,43,44,45,46,47,48,49,\
<a name="l00293"></a>00293         50,51,52,53,54,55,56,57,58,59,\
<a name="l00294"></a>00294         60,61,62,63,64,65,66,67,68,69,\
<a name="l00295"></a>00295         70,71,72,73,74,75,76,77,78,79,\
<a name="l00296"></a>00296         80,81,82,83,84,85,86,87,88,89,\
<a name="l00297"></a>00297         90,91,92,93,94,95,96,97,98,99,\
<a name="l00298"></a>00298         100,100,100,100,100,100,100,100,100,100,\
<a name="l00299"></a>00299         100,100,100,100,100,100,100,100,100,100,\
<a name="l00300"></a>00300         100,100,100,100,100,100,100,100,100,100,\
<a name="l00301"></a>00301         100,100,100,100,100,100,100,100,100,100,\
<a name="l00302"></a>00302         100,100,100,100,100,100,100,100,100,100,\
<a name="l00303"></a>00303         100,100,100,100,100,100,100,100,100,100,\
<a name="l00304"></a>00304         100,100,100,100,100,100,100,100,100,100,\
<a name="l00305"></a>00305         100,100,100,100,100,100,100,100,100,100,\
<a name="l00306"></a>00306         100,100,100,100,100,100,100,100,100,100,\
<a name="l00307"></a>00307         100,100,100,100,100,100,100,100,100,100,\
<a name="l00308"></a>00308         100};
<a name="l00309"></a><a class="code" href="lla__function__definition_8c.html#a14">00309</a> <span class="keyword">const</span> <span class="keywordtype">int</span> <a class="code" href="lla__function__definition_8c.html#a14">f15</a>[]={\
<a name="l00310"></a>00310         100,99,98,97,96,95,94,93,92,91,\
<a name="l00311"></a>00311         90,89,88,87,86,85,84,83,82,81,\
<a name="l00312"></a>00312         80,79,78,77,76,75,74,73,72,71,\
<a name="l00313"></a>00313         70,69,68,67,66,65,64,63,62,61,\
<a name="l00314"></a>00314         60,59,58,57,56,55,54,53,52,51,\
<a name="l00315"></a>00315         50,49,48,47,46,45,44,43,42,41,\
<a name="l00316"></a>00316         40,39,38,37,36,35,34,33,32,31,\
<a name="l00317"></a>00317         30,29,28,27,26,25,24,23,22,21,\
<a name="l00318"></a>00318         20,19,18,17,16,15,14,13,12,11,\
<a name="l00319"></a>00319         10,9,8,7,6,5,4,3,2,1,\
<a name="l00320"></a>00320         0,0,0,0,0,0,0,0,0,0,\
<a name="l00321"></a>00321         0,0,0,0,0,0,0,0,0,0,\
<a name="l00322"></a>00322         0,0,0,0,0,0,0,0,0,0,\
<a name="l00323"></a>00323         0,0,0,0,0,0,0,0,0,0,\
<a name="l00324"></a>00324         0,0,0,0,0,0,0,0,0,0,\
<a name="l00325"></a>00325         0,0,0,0,0,0,0,0,0,0,\
<a name="l00326"></a>00326         0,0,0,0,0,0,0,0,0,0,\
<a name="l00327"></a>00327         0,0,0,0,0,0,0,0,0,0,\
<a name="l00328"></a>00328         0,0,0,0,0,0,0,0,0,0,\
<a name="l00329"></a>00329         0,0,0,0,0,0,0,0,0,0,\
<a name="l00330"></a>00330         0};
<a name="l00331"></a><a class="code" href="lla__function__definition_8c.html#a15">00331</a> <span class="keyword">const</span> <span class="keywordtype">int</span> <a class="code" href="lla__function__definition_8c.html#a15">f16</a>[]={\
<a name="l00332"></a>00332         100,100,100,100,100,100,100,100,100,100,\
<a name="l00333"></a>00333         100,100,100,100,100,100,100,100,100,100,\
<a name="l00334"></a>00334         100,100,100,100,100,100,100,100,100,100,\
<a name="l00335"></a>00335         100,100,100,100,100,100,100,100,100,100,\
<a name="l00336"></a>00336         100,100,100,100,100,100,100,100,100,100,\
<a name="l00337"></a>00337         100,100,100,100,100,100,100,100,100,100,\
<a name="l00338"></a>00338         100,100,100,100,100,100,100,100,100,100,\
<a name="l00339"></a>00339         100,100,100,100,100,100,100,100,100,100,\
<a name="l00340"></a>00340         100,100,100,100,100,100,100,100,100,100,\
<a name="l00341"></a>00341         100,100,100,100,100,100,100,100,100,100,\
<a name="l00342"></a>00342         100,99,98,97,96,95,94,93,92,91,\
<a name="l00343"></a>00343         90,89,88,87,86,85,84,83,82,81,\
<a name="l00344"></a>00344         80,79,78,77,76,75,74,73,72,71,\
<a name="l00345"></a>00345         70,69,68,67,66,65,64,63,62,61,\
<a name="l00346"></a>00346         60,59,58,57,56,55,54,53,52,51,\
<a name="l00347"></a>00347         50,49,48,47,46,45,44,43,42,41,\
<a name="l00348"></a>00348         40,39,38,37,36,35,34,33,32,31,\
<a name="l00349"></a>00349         30,29,28,27,26,25,24,23,22,21,\
<a name="l00350"></a>00350         20,19,18,17,16,15,14,13,12,11,\
<a name="l00351"></a>00351         10,9,8,7,6,5,4,3,2,1,\
<a name="l00352"></a>00352         0};
<a name="l00353"></a><a class="code" href="lla__function__definition_8c.html#a16">00353</a> <span class="keyword">const</span> <span class="keywordtype">int</span> <a class="code" href="lla__function__definition_8c.html#a16">f17</a>[]={\
<a name="l00354"></a>00354         0,0,0,0,0,0,0,0,0,0,\
<a name="l00355"></a>00355         0,0,0,0,0,0,0,0,0,0,\
<a name="l00356"></a>00356         0,0,0,0,0,0,0,0,0,0,\
<a name="l00357"></a>00357         0,0,0,0,0,0,0,0,0,0,\
<a name="l00358"></a>00358         0,0,0,0,0,0,0,0,0,0,\
<a name="l00359"></a>00359         0,0,0,0,0,0,0,0,0,0,\
<a name="l00360"></a>00360         0,0,0,0,0,0,0,0,0,0,\
<a name="l00361"></a>00361         0,0,0,0,0,0,0,0,0,0,\
<a name="l00362"></a>00362         0,0,0,0,0,0,0,0,0,0,\
<a name="l00363"></a>00363         0,0,0,0,0,0,0,0,0,0,\
<a name="l00364"></a>00364         0,1,2,3,4,5,6,7,8,9,\
<a name="l00365"></a>00365         10,11,12,13,14,15,16,17,18,19,\
<a name="l00366"></a>00366         20,21,22,23,24,25,26,27,28,29,\
<a name="l00367"></a>00367         30,31,32,33,34,35,36,37,38,39,\
<a name="l00368"></a>00368         40,41,42,43,44,45,46,47,48,49,\
<a name="l00369"></a>00369         50,51,52,53,54,55,56,57,58,59,\
<a name="l00370"></a>00370         60,61,62,63,64,65,66,67,68,69,\
<a name="l00371"></a>00371         70,71,72,73,74,75,76,77,78,79,\
<a name="l00372"></a>00372         80,81,82,83,84,85,86,87,88,89,\
<a name="l00373"></a>00373         90,91,92,93,94,95,96,97,98,99,\
<a name="l00374"></a>00374         100};
<a name="l00375"></a><a class="code" href="lla__function__definition_8c.html#a17">00375</a> <span class="keyword">const</span> <span class="keywordtype">int</span> <a class="code" href="lla__function__definition_8c.html#a17">f18</a>[]={\
<a name="l00376"></a>00376         0,2,4,6,8,10,12,14,16,18,\
<a name="l00377"></a>00377         20,22,24,26,28,30,32,34,36,38,\
<a name="l00378"></a>00378         40,42,44,46,48,50,52,54,56,58,\
<a name="l00379"></a>00379         60,62,64,66,68,70,72,74,76,78,\
<a name="l00380"></a>00380         80,82,84,86,88,90,92,94,96,98,\
<a name="l00381"></a>00381         100,102,104,106,108,110,112,114,116,118,\
<a name="l00382"></a>00382         120,122,124,126,128,130,132,134,136,138,\
<a name="l00383"></a>00383         140,142,144,146,148,150,152,154,156,158,\
<a name="l00384"></a>00384         160,162,164,166,168,170,172,174,176,178,\
<a name="l00385"></a>00385         180,182,184,186,188,190,192,194,196,198,\
<a name="l00386"></a>00386         200,198,196,194,192,190,188,186,184,182,\
<a name="l00387"></a>00387         180,178,176,174,172,170,168,166,164,162,\
<a name="l00388"></a>00388         160,158,156,154,152,150,148,146,144,142,\
<a name="l00389"></a>00389         140,138,136,134,132,130,128,126,124,122,\
<a name="l00390"></a>00390         120,118,116,114,112,110,108,106,104,102,\
<a name="l00391"></a>00391         100,98,96,94,92,90,88,86,84,82,\
<a name="l00392"></a>00392         80,78,76,74,72,70,68,66,64,62,\
<a name="l00393"></a>00393         60,58,56,54,52,50,48,46,44,42,\
<a name="l00394"></a>00394         40,38,36,34,32,30,28,26,24,22,\
<a name="l00395"></a>00395         20,18,16,14,12,10,8,6,4,2,\
<a name="l00396"></a>00396         0};
<a name="l00397"></a><a class="code" href="lla__function__definition_8c.html#a18">00397</a> <span class="keyword">const</span> <span class="keywordtype">int</span> <a class="code" href="lla__function__definition_8c.html#a18">f19</a>[]={\
<a name="l00398"></a>00398         200,198,196,194,192,190,188,186,184,182,\
<a name="l00399"></a>00399         180,178,176,174,172,170,168,166,164,162,\
<a name="l00400"></a>00400         160,158,156,154,152,150,148,146,144,142,\
<a name="l00401"></a>00401         140,138,136,134,132,130,128,126,124,122,\
<a name="l00402"></a>00402         120,118,116,114,112,110,108,106,104,102,\
<a name="l00403"></a>00403         100,98,96,94,92,90,88,86,84,82,\
<a name="l00404"></a>00404         80,78,76,74,72,70,68,66,64,62,\
<a name="l00405"></a>00405         60,58,56,54,52,50,48,46,44,42,\
<a name="l00406"></a>00406         40,38,36,34,32,30,28,26,24,22,\
<a name="l00407"></a>00407         20,18,16,14,12,10,8,6,4,2,\
<a name="l00408"></a>00408         0,2,4,6,8,10,12,14,16,18,\
<a name="l00409"></a>00409         20,22,24,26,28,30,32,34,36,38,\
<a name="l00410"></a>00410         40,42,44,46,48,50,52,54,56,58,\
<a name="l00411"></a>00411         60,62,64,66,68,70,72,74,76,78,\
<a name="l00412"></a>00412         80,82,84,86,88,90,92,94,96,98,\
<a name="l00413"></a>00413         100,102,104,106,108,110,112,114,116,118,\
<a name="l00414"></a>00414         120,122,124,126,128,130,132,134,136,138,\
<a name="l00415"></a>00415         140,142,144,146,148,150,152,154,156,158,\
<a name="l00416"></a>00416         160,162,164,166,168,170,172,174,176,178,\
<a name="l00417"></a>00417         180,182,184,186,188,190,192,194,196,198,\
<a name="l00418"></a>00418         200};
<a name="l00419"></a><a class="code" href="lla__function__definition_8c.html#a19">00419</a> <span class="keyword">const</span> <span class="keywordtype">int</span> <a class="code" href="lla__function__definition_8c.html#a19">f20</a>[]={\
<a name="l00420"></a>00420         100,101,102,103,104,105,106,107,108,109,\
<a name="l00421"></a>00421         110,111,112,113,114,115,116,117,118,119,\
<a name="l00422"></a>00422         120,121,122,123,124,125,126,127,128,129,\
<a name="l00423"></a>00423         130,131,132,133,134,135,136,137,138,139,\
<a name="l00424"></a>00424         140,141,142,143,144,145,146,147,148,149,\
<a name="l00425"></a>00425         150,151,152,153,154,155,156,157,158,159,\
<a name="l00426"></a>00426         160,161,162,163,164,165,166,167,168,169,\
<a name="l00427"></a>00427         170,171,172,173,174,175,176,177,178,179,\
<a name="l00428"></a>00428         180,181,182,183,184,185,186,187,188,189,\
<a name="l00429"></a>00429         190,191,192,193,194,195,196,197,198,199,\
<a name="l00430"></a>00430         200,199,198,197,196,195,194,193,192,191,\
<a name="l00431"></a>00431         190,189,188,187,186,185,184,183,182,181,\
<a name="l00432"></a>00432         180,179,178,177,176,175,174,173,172,171,\
<a name="l00433"></a>00433         170,169,168,167,166,165,164,163,162,161,\
<a name="l00434"></a>00434         160,159,158,157,156,155,154,153,152,151,\
<a name="l00435"></a>00435         150,149,148,147,146,145,144,143,142,141,\
<a name="l00436"></a>00436         140,139,138,137,136,135,134,133,132,131,\
<a name="l00437"></a>00437         130,129,128,127,126,125,124,123,122,121,\
<a name="l00438"></a>00438         120,119,118,117,116,115,114,113,112,111,\
<a name="l00439"></a>00439         110,109,108,107,106,105,104,103,102,101,\
<a name="l00440"></a>00440         100};
<a name="l00441"></a><a class="code" href="lla__function__definition_8c.html#a20">00441</a> <span class="keyword">const</span> <span class="keywordtype">int</span> <a class="code" href="lla__function__definition_8c.html#a20">f21</a>[]={\
<a name="l00442"></a>00442         0,1,2,3,4,5,6,7,8,9,\
<a name="l00443"></a>00443         10,11,12,13,14,15,16,17,18,19,\
<a name="l00444"></a>00444         20,21,22,23,24,25,26,27,28,29,\
<a name="l00445"></a>00445         30,31,32,33,34,35,36,37,38,39,\
<a name="l00446"></a>00446         40,41,42,43,44,45,46,47,48,49,\
<a name="l00447"></a>00447         50,51,52,53,54,55,56,57,58,59,\
<a name="l00448"></a>00448         60,61,62,63,64,65,66,67,68,69,\
<a name="l00449"></a>00449         70,71,72,73,74,75,76,77,78,79,\
<a name="l00450"></a>00450         80,81,82,83,84,85,86,87,88,89,\
<a name="l00451"></a>00451         90,91,92,93,94,95,96,97,98,99,\
<a name="l00452"></a>00452         100,99,98,97,96,95,94,93,92,91,\
<a name="l00453"></a>00453         90,89,88,87,86,85,84,83,82,81,\
<a name="l00454"></a>00454         80,79,78,77,76,75,74,73,72,71,\
<a name="l00455"></a>00455         70,69,68,67,66,65,64,63,62,61,\
<a name="l00456"></a>00456         60,59,58,57,56,55,54,53,52,51,\
<a name="l00457"></a>00457         50,49,48,47,46,45,44,43,42,41,\
<a name="l00458"></a>00458         40,39,38,37,36,35,34,33,32,31,\
<a name="l00459"></a>00459         30,29,28,27,26,25,24,23,22,21,\
<a name="l00460"></a>00460         20,19,18,17,16,15,14,13,12,11,\
<a name="l00461"></a>00461         10,9,8,7,6,5,4,3,2,1,\
<a name="l00462"></a>00462         0};
<a name="l00463"></a><a class="code" href="lla__function__definition_8c.html#a21">00463</a> <span class="keyword">const</span> <span class="keywordtype">int</span> <a class="code" href="lla__function__definition_8c.html#a21">f22</a>[]={\
<a name="l00464"></a>00464         200,199,198,197,196,195,194,193,192,191,\
<a name="l00465"></a>00465         190,189,188,187,186,185,184,183,182,181,\
<a name="l00466"></a>00466         180,179,178,177,176,175,174,173,172,171,\
<a name="l00467"></a>00467         170,169,168,167,166,165,164,163,162,161,\
<a name="l00468"></a>00468         160,159,158,157,156,155,154,153,152,151,\
<a name="l00469"></a>00469         150,149,148,147,146,145,144,143,142,141,\
<a name="l00470"></a>00470         140,139,138,137,136,135,134,133,132,131,\
<a name="l00471"></a>00471         130,129,128,127,126,125,124,123,122,121,\
<a name="l00472"></a>00472         120,119,118,117,116,115,114,113,112,111,\
<a name="l00473"></a>00473         110,109,108,107,106,105,104,103,102,101,\
<a name="l00474"></a>00474         100,101,102,103,104,105,106,107,108,109,\
<a name="l00475"></a>00475         110,111,112,113,114,115,116,117,118,119,\
<a name="l00476"></a>00476         120,121,122,123,124,125,126,127,128,129,\
<a name="l00477"></a>00477         130,131,132,133,134,135,136,137,138,139,\
<a name="l00478"></a>00478         140,141,142,143,144,145,146,147,148,149,\
<a name="l00479"></a>00479         150,151,152,153,154,155,156,157,158,159,\
<a name="l00480"></a>00480         160,161,162,163,164,165,166,167,168,169,\
<a name="l00481"></a>00481         170,171,172,173,174,175,176,177,178,179,\
<a name="l00482"></a>00482         180,181,182,183,184,185,186,187,188,189,\
<a name="l00483"></a>00483         190,191,192,193,194,195,196,197,198,199,\
<a name="l00484"></a>00484         200};
<a name="l00485"></a><a class="code" href="lla__function__definition_8c.html#a22">00485</a> <span class="keyword">const</span> <span class="keywordtype">int</span> <a class="code" href="lla__function__definition_8c.html#a22">f23</a>[]={\
<a name="l00486"></a>00486         100,99,98,97,96,95,94,93,92,91,\
<a name="l00487"></a>00487         90,89,88,87,86,85,84,83,82,81,\
<a name="l00488"></a>00488         80,79,78,77,76,75,74,73,72,71,\
<a name="l00489"></a>00489         70,69,68,67,66,65,64,63,62,61,\
<a name="l00490"></a>00490         60,59,58,57,56,55,54,53,52,51,\
<a name="l00491"></a>00491         50,49,48,47,46,45,44,43,42,41,\
<a name="l00492"></a>00492         40,39,38,37,36,35,34,33,32,31,\
<a name="l00493"></a>00493         30,29,28,27,26,25,24,23,22,21,\
<a name="l00494"></a>00494         20,19,18,17,16,15,14,13,12,11,\
<a name="l00495"></a>00495         10,9,8,7,6,5,4,3,2,1,\
<a name="l00496"></a>00496         0,1,2,3,4,5,6,7,8,9,\
<a name="l00497"></a>00497         10,11,12,13,14,15,16,17,18,19,\
<a name="l00498"></a>00498         20,21,22,23,24,25,26,27,28,29,\
<a name="l00499"></a>00499         30,31,32,33,34,35,36,37,38,39,\
<a name="l00500"></a>00500         40,41,42,43,44,45,46,47,48,49,\
<a name="l00501"></a>00501         50,51,52,53,54,55,56,57,58,59,\
<a name="l00502"></a>00502         60,61,62,63,64,65,66,67,68,69,\
<a name="l00503"></a>00503         70,71,72,73,74,75,76,77,78,79,\
<a name="l00504"></a>00504         80,81,82,83,84,85,86,87,88,89,\
<a name="l00505"></a>00505         90,91,92,93,94,95,96,97,98,99,\
<a name="l00506"></a>00506         100};
